# Camera list with one line of data per camera:
#   CAMERA_ID, MODEL, WIDTH, HEIGHT, PARAMS[]
#   fx fy cx cy k1 k2 p1 p2 for OPENCV
1 OPENCV 1024 576 848.95793876 849.02213774 514.05007541 293.55046785 0.0 0.0 0.0 0.0
2 OPENCV 1024 576 848.95793876 849.02213774 514.05007541 293.55046785 0.0 0.0 0.0 0.0
3 OPENCV 1024 576 848.95793876 849.02213774 514.05007541 293.55046785 0.0 0.0 0.0 0.0
4 OPENCV 1024 576 848.95793876 849.02213774 514.05007541 293.55046785 0.0 0.0 0.0 0.0
5 OPENCV 1024 576 848.95793876 849.02213774 514.05007541 293.55046785 0.0 0.0 0.0 0.0
6 OPENCV 1024 576 848.95793876 849.02213774 514.05007541 293.55046785 0.0 0.0 0.0 0.0
7 OPENCV 1024 576 848.95793876 849.02213774 514.05007541 293.55046785 0.0 0.0 0.0 0.0
8 OPENCV 1024 576 848.95793876 849.02213774 514.05007541 293.55046785 0.0 0.0 0.0 0.0
9 OPENCV 1024 576 848.95793876 849.02213774 514.05007541 293.55046785 0.0 0.0 0.0 0.0
10 OPENCV 1024 576 848.95793876 849.02213774 514.05007541 293.55046785 0.0 0.0 0.0 0.0
11 OPENCV 1024 576 848.95793876 849.02213774 514.05007541 293.55046785 0.0 0.0 0.0 0.0
12 OPENCV 1024 576 848.95793876 849.02213774 514.05007541 293.55046785 0.0 0.0 0.0 0.0
13 OPENCV 1024 576 848.95793876 849.02213774 514.05007541 293.55046785 0.0 0.0 0.0 0.0
14 OPENCV 1024 576 848.95793876 849.02213774 514.05007541 293.55046785 0.0 0.0 0.0 0.0
15 OPENCV 1024 576 848.95793876 849.02213774 514.05007541 293.55046785 0.0 0.0 0.0 0.0
16 OPENCV 1024 576 848.95793876 849.02213774 514.05007541 293.55046785 0.0 0.0 0.0 0.0
17 OPENCV 1024 576 848.95793876 849.02213774 514.05007541 293.55046785 0.0 0.0 0.0 0.0
18 OPENCV 1024 576 848.95793876 849.02213774 514.05007541 293.55046785 0.0 0.0 0.0 0.0
19 OPENCV 1024 576 848.95793876 849.02213774 514.05007541 293.55046785 0.0 0.0 0.0 0.0
20 OPENCV 1024 576 848.95793876 849.02213774 514.05007541 293.55046785 0.0 0.0 0.0 0.0
21 OPENCV 1024 576 848.95793876 849.02213774 514.05007541 293.55046785 0.0 0.0 0.0 0.0
22 OPENCV 1024 576 848.95793876 849.02213774 514.05007541 293.55046785 0.0 0.0 0.0 0.0
23 OPENCV 1024 576 848.95793876 849.02213774 514.05007541 293.55046785 0.0 0.0 0.0 0.0
24 OPENCV 1024 576 848.95793876 849.02213774 514.05007541 293.55046785 0.0 0.0 0.0 0.0
25 OPENCV 1024 576 848.95793876 849.02213774 514.05007541 293.55046785 0.0 0.0 0.0 0.0
26 OPENCV 1024 576 848.95793876 849.02213774 514.05007541 293.55046785 0.0 0.0 0.0 0.0
27 OPENCV 1024 576 848.95793876 849.02213774 514.05007541 293.55046785 0.0 0.0 0.0 0.0
28 OPENCV 1024 576 848.95793876 849.02213774 514.05007541 293.55046785 0.0 0.0 0.0 0.0
29 OPENCV 1024 576 848.95793876 849.02213774 514.05007541 293.55046785 0.0 0.0 0.0 0.0
30 OPENCV 1024 576 848.95793876 849.02213774 514.05007541 293.55046785 0.0 0.0 0.0 0.0
31 OPENCV 1024 576 848.95793876 849.02213774 514.05007541 293.55046785 0.0 0.0 0.0 0.0
32 OPENCV 1024 576 848.95793876 849.02213774 514.05007541 293.55046785 0.0 0.0 0.0 0.0
33 OPENCV 1024 576 848.95793876 849.02213774 514.05007541 293.55046785 0.0 0.0 0.0 0.0
34 OPENCV 1024 576 848.95793876 849.02213774 514.05007541 293.55046785 0.0 0.0 0.0 0.0
