# Camera list with one line of data per camera:
#   CAMERA_ID, MODEL, WIDTH, HEIGHT, PARAMS[]
#   fx fy cx cy k1 k2 p1 p2 for OPENCV
1 OPENCV 2160 3840 3183.8330165146126 3183.592270336112 1100.814254448177 1927.6877827756523 0.0 0.0 0.0 0.0
2 OPENCV 2160 3840 3183.8330165146126 3183.592270336112 1100.814254448177 1927.6877827756523 0.0 0.0 0.0 0.0
3 OPENCV 2160 3840 3183.8330165146126 3183.592270336112 1100.814254448177 1927.6877827756523 0.0 0.0 0.0 0.0
4 OPENCV 2160 3840 3183.8330165146126 3183.592270336112 1100.814254448177 1927.6877827756523 0.0 0.0 0.0 0.0
5 OPENCV 2160 3840 3183.8330165146126 3183.592270336112 1100.814254448177 1927.6877827756523 0.0 0.0 0.0 0.0
6 OPENCV 2160 3840 3183.8330165146126 3183.592270336112 1100.814254448177 1927.6877827756523 0.0 0.0 0.0 0.0
7 OPENCV 2160 3840 3183.8330165146126 3183.592270336112 1100.814254448177 1927.6877827756523 0.0 0.0 0.0 0.0
8 OPENCV 2160 3840 3183.8330165146126 3183.592270336112 1100.814254448177 1927.6877827756523 0.0 0.0 0.0 0.0
9 OPENCV 2160 3840 3183.8330165146126 3183.592270336112 1100.814254448177 1927.6877827756523 0.0 0.0 0.0 0.0
10 OPENCV 2160 3840 3183.8330165146126 3183.592270336112 1100.814254448177 1927.6877827756523 0.0 0.0 0.0 0.0
11 OPENCV 2160 3840 3183.8330165146126 3183.592270336112 1100.814254448177 1927.6877827756523 0.0 0.0 0.0 0.0
12 OPENCV 2160 3840 3183.8330165146126 3183.592270336112 1100.814254448177 1927.6877827756523 0.0 0.0 0.0 0.0
13 OPENCV 2160 3840 3183.8330165146126 3183.592270336112 1100.814254448177 1927.6877827756523 0.0 0.0 0.0 0.0
14 OPENCV 2160 3840 3183.8330165146126 3183.592270336112 1100.814254448177 1927.6877827756523 0.0 0.0 0.0 0.0
15 OPENCV 2160 3840 3183.8330165146126 3183.592270336112 1100.814254448177 1927.6877827756523 0.0 0.0 0.0 0.0
16 OPENCV 2160 3840 3183.8330165146126 3183.592270336112 1100.814254448177 1927.6877827756523 0.0 0.0 0.0 0.0
17 OPENCV 2160 3840 3183.8330165146126 3183.592270336112 1100.814254448177 1927.6877827756523 0.0 0.0 0.0 0.0
18 OPENCV 2160 3840 3183.8330165146126 3183.592270336112 1100.814254448177 1927.6877827756523 0.0 0.0 0.0 0.0
19 OPENCV 2160 3840 3183.8330165146126 3183.592270336112 1100.814254448177 1927.6877827756523 0.0 0.0 0.0 0.0
20 OPENCV 2160 3840 3183.8330165146126 3183.592270336112 1100.814254448177 1927.6877827756523 0.0 0.0 0.0 0.0
21 OPENCV 2160 3840 3183.8330165146126 3183.592270336112 1100.814254448177 1927.6877827756523 0.0 0.0 0.0 0.0
22 OPENCV 2160 3840 3183.8330165146126 3183.592270336112 1100.814254448177 1927.6877827756523 0.0 0.0 0.0 0.0
23 OPENCV 2160 3840 3183.8330165146126 3183.592270336112 1100.814254448177 1927.6877827756523 0.0 0.0 0.0 0.0
24 OPENCV 2160 3840 3183.8330165146126 3183.592270336112 1100.814254448177 1927.6877827756523 0.0 0.0 0.0 0.0
25 OPENCV 2160 3840 3183.8330165146126 3183.592270336112 1100.814254448177 1927.6877827756523 0.0 0.0 0.0 0.0
26 OPENCV 2160 3840 3183.8330165146126 3183.592270336112 1100.814254448177 1927.6877827756523 0.0 0.0 0.0 0.0
27 OPENCV 2160 3840 3183.8330165146126 3183.592270336112 1100.814254448177 1927.6877827756523 0.0 0.0 0.0 0.0
28 OPENCV 2160 3840 3183.8330165146126 3183.592270336112 1100.814254448177 1927.6877827756523 0.0 0.0 0.0 0.0
29 OPENCV 2160 3840 3183.8330165146126 3183.592270336112 1100.814254448177 1927.6877827756523 0.0 0.0 0.0 0.0
30 OPENCV 2160 3840 3183.8330165146126 3183.592270336112 1100.814254448177 1927.6877827756523 0.0 0.0 0.0 0.0
31 OPENCV 2160 3840 3183.8330165146126 3183.592270336112 1100.814254448177 1927.6877827756523 0.0 0.0 0.0 0.0
32 OPENCV 2160 3840 3183.8330165146126 3183.592270336112 1100.814254448177 1927.6877827756523 0.0 0.0 0.0 0.0
33 OPENCV 2160 3840 3183.8330165146126 3183.592270336112 1100.814254448177 1927.6877827756523 0.0 0.0 0.0 0.0
34 OPENCV 2160 3840 3183.8330165146126 3183.592270336112 1100.814254448177 1927.6877827756523 0.0 0.0 0.0 0.0
35 OPENCV 2160 3840 3183.8330165146126 3183.592270336112 1100.814254448177 1927.6877827756523 0.0 0.0 0.0 0.0
36 OPENCV 2160 3840 3183.8330165146126 3183.592270336112 1100.814254448177 1927.6877827756523 0.0 0.0 0.0 0.0
37 OPENCV 2160 3840 3183.8330165146126 3183.592270336112 1100.814254448177 1927.6877827756523 0.0 0.0 0.0 0.0
38 OPENCV 2160 3840 3183.8330165146126 3183.592270336112 1100.814254448177 1927.6877827756523 0.0 0.0 0.0 0.0
39 OPENCV 2160 3840 3183.8330165146126 3183.592270336112 1100.814254448177 1927.6877827756523 0.0 0.0 0.0 0.0
40 OPENCV 2160 3840 3183.8330165146126 3183.592270336112 1100.814254448177 1927.6877827756523 0.0 0.0 0.0 0.0
41 OPENCV 2160 3840 3183.8330165146126 3183.592270336112 1100.814254448177 1927.6877827756523 0.0 0.0 0.0 0.0
42 OPENCV 2160 3840 3183.8330165146126 3183.592270336112 1100.814254448177 1927.6877827756523 0.0 0.0 0.0 0.0
43 OPENCV 2160 3840 3183.8330165146126 3183.592270336112 1100.814254448177 1927.6877827756523 0.0 0.0 0.0 0.0
44 OPENCV 2160 3840 3183.8330165146126 3183.592270336112 1100.814254448177 1927.6877827756523 0.0 0.0 0.0 0.0
45 OPENCV 2160 3840 3183.8330165146126 3183.592270336112 1100.814254448177 1927.6877827756523 0.0 0.0 0.0 0.0
46 OPENCV 2160 3840 3183.8330165146126 3183.592270336112 1100.814254448177 1927.6877827756523 0.0 0.0 0.0 0.0
47 OPENCV 2160 3840 3183.8330165146126 3183.592270336112 1100.814254448177 1927.6877827756523 0.0 0.0 0.0 0.0
48 OPENCV 2160 3840 3183.8330165146126 3183.592270336112 1100.814254448177 1927.6877827756523 0.0 0.0 0.0 0.0
49 OPENCV 2160 3840 3183.8330165146126 3183.592270336112 1100.814254448177 1927.6877827756523 0.0 0.0 0.0 0.0
50 OPENCV 2160 3840 3183.8330165146126 3183.592270336112 1100.814254448177 1927.6877827756523 0.0 0.0 0.0 0.0
51 OPENCV 2160 3840 3183.8330165146126 3183.592270336112 1100.814254448177 1927.6877827756523 0.0 0.0 0.0 0.0
52 OPENCV 2160 3840 3183.8330165146126 3183.592270336112 1100.814254448177 1927.6877827756523 0.0 0.0 0.0 0.0
53 OPENCV 2160 3840 3183.8330165146126 3183.592270336112 1100.814254448177 1927.6877827756523 0.0 0.0 0.0 0.0
54 OPENCV 2160 3840 3183.8330165146126 3183.592270336112 1100.814254448177 1927.6877827756523 0.0 0.0 0.0 0.0
55 OPENCV 2160 3840 3183.8330165146126 3183.592270336112 1100.814254448177 1927.6877827756523 0.0 0.0 0.0 0.0
56 OPENCV 2160 3840 3183.8330165146126 3183.592270336112 1100.814254448177 1927.6877827756523 0.0 0.0 0.0 0.0
57 OPENCV 2160 3840 3183.8330165146126 3183.592270336112 1100.814254448177 1927.6877827756523 0.0 0.0 0.0 0.0
58 OPENCV 2160 3840 3183.8330165146126 3183.592270336112 1100.814254448177 1927.6877827756523 0.0 0.0 0.0 0.0
59 OPENCV 2160 3840 3183.8330165146126 3183.592270336112 1100.814254448177 1927.6877827756523 0.0 0.0 0.0 0.0
60 OPENCV 2160 3840 3183.8330165146126 3183.592270336112 1100.814254448177 1927.6877827756523 0.0 0.0 0.0 0.0
61 OPENCV 2160 3840 3183.8330165146126 3183.592270336112 1100.814254448177 1927.6877827756523 0.0 0.0 0.0 0.0
62 OPENCV 2160 3840 3183.8330165146126 3183.592270336112 1100.814254448177 1927.6877827756523 0.0 0.0 0.0 0.0
63 OPENCV 2160 3840 3183.8330165146126 3183.592270336112 1100.814254448177 1927.6877827756523 0.0 0.0 0.0 0.0
64 OPENCV 2160 3840 3183.8330165146126 3183.592270336112 1100.814254448177 1927.6877827756523 0.0 0.0 0.0 0.0
65 OPENCV 2160 3840 3183.8330165146126 3183.592270336112 1100.814254448177 1927.6877827756523 0.0 0.0 0.0 0.0
66 OPENCV 2160 3840 3183.8330165146126 3183.592270336112 1100.814254448177 1927.6877827756523 0.0 0.0 0.0 0.0
67 OPENCV 2160 3840 3183.8330165146126 3183.592270336112 1100.814254448177 1927.6877827756523 0.0 0.0 0.0 0.0
68 OPENCV 2160 3840 3183.8330165146126 3183.592270336112 1100.814254448177 1927.6877827756523 0.0 0.0 0.0 0.0
69 OPENCV 2160 3840 3183.8330165146126 3183.592270336112 1100.814254448177 1927.6877827756523 0.0 0.0 0.0 0.0
70 OPENCV 2160 3840 3183.8330165146126 3183.592270336112 1100.814254448177 1927.6877827756523 0.0 0.0 0.0 0.0
71 OPENCV 2160 3840 3183.8330165146126 3183.592270336112 1100.814254448177 1927.6877827756523 0.0 0.0 0.0 0.0
