# Camera list with one line of data per camera:
#   CAMERA_ID, MODEL, WIDTH, HEIGHT, PARAMS[]
#   fx fy cx cy k1 k2 p1 p2 for OPENCV
1 OPENCV 2160 3840 3183.592270336112 3183.8330165146126 1911.3122172243477 1100.814254448177 0.0 0.0 0.0 0.0
2 OPENCV 2160 3840 3183.592270336112 3183.8330165146126 1911.3122172243477 1100.814254448177 0.0 0.0 0.0 0.0
3 OPENCV 2160 3840 3183.592270336112 3183.8330165146126 1911.3122172243477 1100.814254448177 0.0 0.0 0.0 0.0
4 OPENCV 2160 3840 3183.592270336112 3183.8330165146126 1911.3122172243477 1100.814254448177 0.0 0.0 0.0 0.0
5 OPENCV 2160 3840 3183.592270336112 3183.8330165146126 1911.3122172243477 1100.814254448177 0.0 0.0 0.0 0.0
6 OPENCV 2160 3840 3183.592270336112 3183.8330165146126 1911.3122172243477 1100.814254448177 0.0 0.0 0.0 0.0
7 OPENCV 2160 3840 3183.592270336112 3183.8330165146126 1911.3122172243477 1100.814254448177 0.0 0.0 0.0 0.0
8 OPENCV 2160 3840 3183.592270336112 3183.8330165146126 1911.3122172243477 1100.814254448177 0.0 0.0 0.0 0.0
9 OPENCV 2160 3840 3183.592270336112 3183.8330165146126 1911.3122172243477 1100.814254448177 0.0 0.0 0.0 0.0
10 OPENCV 2160 3840 3183.592270336112 3183.8330165146126 1911.3122172243477 1100.814254448177 0.0 0.0 0.0 0.0
11 OPENCV 2160 3840 3183.592270336112 3183.8330165146126 1911.3122172243477 1100.814254448177 0.0 0.0 0.0 0.0
12 OPENCV 2160 3840 3183.592270336112 3183.8330165146126 1911.3122172243477 1100.814254448177 0.0 0.0 0.0 0.0
13 OPENCV 2160 3840 3183.592270336112 3183.8330165146126 1911.3122172243477 1100.814254448177 0.0 0.0 0.0 0.0
14 OPENCV 2160 3840 3183.592270336112 3183.8330165146126 1911.3122172243477 1100.814254448177 0.0 0.0 0.0 0.0
15 OPENCV 2160 3840 3183.592270336112 3183.8330165146126 1911.3122172243477 1100.814254448177 0.0 0.0 0.0 0.0
16 OPENCV 2160 3840 3183.592270336112 3183.8330165146126 1911.3122172243477 1100.814254448177 0.0 0.0 0.0 0.0
17 OPENCV 2160 3840 3183.592270336112 3183.8330165146126 1911.3122172243477 1100.814254448177 0.0 0.0 0.0 0.0
18 OPENCV 2160 3840 3183.592270336112 3183.8330165146126 1911.3122172243477 1100.814254448177 0.0 0.0 0.0 0.0
19 OPENCV 2160 3840 3183.592270336112 3183.8330165146126 1911.3122172243477 1100.814254448177 0.0 0.0 0.0 0.0
20 OPENCV 2160 3840 3183.592270336112 3183.8330165146126 1911.3122172243477 1100.814254448177 0.0 0.0 0.0 0.0
21 OPENCV 2160 3840 3183.592270336112 3183.8330165146126 1911.3122172243477 1100.814254448177 0.0 0.0 0.0 0.0
22 OPENCV 2160 3840 3183.592270336112 3183.8330165146126 1911.3122172243477 1100.814254448177 0.0 0.0 0.0 0.0
23 OPENCV 2160 3840 3183.592270336112 3183.8330165146126 1911.3122172243477 1100.814254448177 0.0 0.0 0.0 0.0
24 OPENCV 2160 3840 3183.592270336112 3183.8330165146126 1911.3122172243477 1100.814254448177 0.0 0.0 0.0 0.0
25 OPENCV 2160 3840 3183.592270336112 3183.8330165146126 1911.3122172243477 1100.814254448177 0.0 0.0 0.0 0.0
26 OPENCV 2160 3840 3183.592270336112 3183.8330165146126 1911.3122172243477 1100.814254448177 0.0 0.0 0.0 0.0
27 OPENCV 2160 3840 3183.592270336112 3183.8330165146126 1911.3122172243477 1100.814254448177 0.0 0.0 0.0 0.0
28 OPENCV 2160 3840 3183.592270336112 3183.8330165146126 1911.3122172243477 1100.814254448177 0.0 0.0 0.0 0.0
29 OPENCV 2160 3840 3183.592270336112 3183.8330165146126 1911.3122172243477 1100.814254448177 0.0 0.0 0.0 0.0
30 OPENCV 2160 3840 3183.592270336112 3183.8330165146126 1911.3122172243477 1100.814254448177 0.0 0.0 0.0 0.0
31 OPENCV 2160 3840 3183.592270336112 3183.8330165146126 1911.3122172243477 1100.814254448177 0.0 0.0 0.0 0.0
32 OPENCV 2160 3840 3183.592270336112 3183.8330165146126 1911.3122172243477 1100.814254448177 0.0 0.0 0.0 0.0
33 OPENCV 2160 3840 3183.592270336112 3183.8330165146126 1911.3122172243477 1100.814254448177 0.0 0.0 0.0 0.0
34 OPENCV 2160 3840 3183.592270336112 3183.8330165146126 1911.3122172243477 1100.814254448177 0.0 0.0 0.0 0.0
35 OPENCV 2160 3840 3183.592270336112 3183.8330165146126 1911.3122172243477 1100.814254448177 0.0 0.0 0.0 0.0
36 OPENCV 2160 3840 3183.592270336112 3183.8330165146126 1911.3122172243477 1100.814254448177 0.0 0.0 0.0 0.0
37 OPENCV 2160 3840 3183.592270336112 3183.8330165146126 1911.3122172243477 1100.814254448177 0.0 0.0 0.0 0.0
38 OPENCV 2160 3840 3183.592270336112 3183.8330165146126 1911.3122172243477 1100.814254448177 0.0 0.0 0.0 0.0
39 OPENCV 2160 3840 3183.592270336112 3183.8330165146126 1911.3122172243477 1100.814254448177 0.0 0.0 0.0 0.0
40 OPENCV 2160 3840 3183.592270336112 3183.8330165146126 1911.3122172243477 1100.814254448177 0.0 0.0 0.0 0.0
41 OPENCV 2160 3840 3183.592270336112 3183.8330165146126 1911.3122172243477 1100.814254448177 0.0 0.0 0.0 0.0
42 OPENCV 2160 3840 3183.592270336112 3183.8330165146126 1911.3122172243477 1100.814254448177 0.0 0.0 0.0 0.0
43 OPENCV 2160 3840 3183.592270336112 3183.8330165146126 1911.3122172243477 1100.814254448177 0.0 0.0 0.0 0.0
44 OPENCV 2160 3840 3183.592270336112 3183.8330165146126 1911.3122172243477 1100.814254448177 0.0 0.0 0.0 0.0
45 OPENCV 2160 3840 3183.592270336112 3183.8330165146126 1911.3122172243477 1100.814254448177 0.0 0.0 0.0 0.0
46 OPENCV 2160 3840 3183.592270336112 3183.8330165146126 1911.3122172243477 1100.814254448177 0.0 0.0 0.0 0.0
47 OPENCV 2160 3840 3183.592270336112 3183.8330165146126 1911.3122172243477 1100.814254448177 0.0 0.0 0.0 0.0
48 OPENCV 2160 3840 3183.592270336112 3183.8330165146126 1911.3122172243477 1100.814254448177 0.0 0.0 0.0 0.0
49 OPENCV 2160 3840 3183.592270336112 3183.8330165146126 1911.3122172243477 1100.814254448177 0.0 0.0 0.0 0.0
50 OPENCV 2160 3840 3183.592270336112 3183.8330165146126 1911.3122172243477 1100.814254448177 0.0 0.0 0.0 0.0
51 OPENCV 2160 3840 3183.592270336112 3183.8330165146126 1911.3122172243477 1100.814254448177 0.0 0.0 0.0 0.0
52 OPENCV 2160 3840 3183.592270336112 3183.8330165146126 1911.3122172243477 1100.814254448177 0.0 0.0 0.0 0.0
53 OPENCV 2160 3840 3183.592270336112 3183.8330165146126 1911.3122172243477 1100.814254448177 0.0 0.0 0.0 0.0
54 OPENCV 2160 3840 3183.592270336112 3183.8330165146126 1911.3122172243477 1100.814254448177 0.0 0.0 0.0 0.0
55 OPENCV 2160 3840 3183.592270336112 3183.8330165146126 1911.3122172243477 1100.814254448177 0.0 0.0 0.0 0.0
56 OPENCV 2160 3840 3183.592270336112 3183.8330165146126 1911.3122172243477 1100.814254448177 0.0 0.0 0.0 0.0
57 OPENCV 2160 3840 3183.592270336112 3183.8330165146126 1911.3122172243477 1100.814254448177 0.0 0.0 0.0 0.0
58 OPENCV 2160 3840 3183.592270336112 3183.8330165146126 1911.3122172243477 1100.814254448177 0.0 0.0 0.0 0.0
59 OPENCV 2160 3840 3183.592270336112 3183.8330165146126 1911.3122172243477 1100.814254448177 0.0 0.0 0.0 0.0
60 OPENCV 2160 3840 3183.592270336112 3183.8330165146126 1911.3122172243477 1100.814254448177 0.0 0.0 0.0 0.0
61 OPENCV 2160 3840 3183.592270336112 3183.8330165146126 1911.3122172243477 1100.814254448177 0.0 0.0 0.0 0.0
62 OPENCV 2160 3840 3183.592270336112 3183.8330165146126 1911.3122172243477 1100.814254448177 0.0 0.0 0.0 0.0
63 OPENCV 2160 3840 3183.592270336112 3183.8330165146126 1911.3122172243477 1100.814254448177 0.0 0.0 0.0 0.0
64 OPENCV 2160 3840 3183.592270336112 3183.8330165146126 1911.3122172243477 1100.814254448177 0.0 0.0 0.0 0.0
65 OPENCV 2160 3840 3183.592270336112 3183.8330165146126 1911.3122172243477 1100.814254448177 0.0 0.0 0.0 0.0
66 OPENCV 2160 3840 3183.592270336112 3183.8330165146126 1911.3122172243477 1100.814254448177 0.0 0.0 0.0 0.0
67 OPENCV 2160 3840 3183.592270336112 3183.8330165146126 1911.3122172243477 1100.814254448177 0.0 0.0 0.0 0.0
68 OPENCV 2160 3840 3183.592270336112 3183.8330165146126 1911.3122172243477 1100.814254448177 0.0 0.0 0.0 0.0
69 OPENCV 2160 3840 3183.592270336112 3183.8330165146126 1911.3122172243477 1100.814254448177 0.0 0.0 0.0 0.0
70 OPENCV 2160 3840 3183.592270336112 3183.8330165146126 1911.3122172243477 1100.814254448177 0.0 0.0 0.0 0.0
71 OPENCV 2160 3840 3183.592270336112 3183.8330165146126 1911.3122172243477 1100.814254448177 0.0 0.0 0.0 0.0
72 OPENCV 2160 3840 3183.592270336112 3183.8330165146126 1911.3122172243477 1100.814254448177 0.0 0.0 0.0 0.0
73 OPENCV 2160 3840 3183.592270336112 3183.8330165146126 1911.3122172243477 1100.814254448177 0.0 0.0 0.0 0.0
74 OPENCV 2160 3840 3183.592270336112 3183.8330165146126 1911.3122172243477 1100.814254448177 0.0 0.0 0.0 0.0
75 OPENCV 2160 3840 3183.592270336112 3183.8330165146126 1911.3122172243477 1100.814254448177 0.0 0.0 0.0 0.0
76 OPENCV 2160 3840 3183.592270336112 3183.8330165146126 1911.3122172243477 1100.814254448177 0.0 0.0 0.0 0.0
77 OPENCV 2160 3840 3183.592270336112 3183.8330165146126 1911.3122172243477 1100.814254448177 0.0 0.0 0.0 0.0
78 OPENCV 2160 3840 3183.592270336112 3183.8330165146126 1911.3122172243477 1100.814254448177 0.0 0.0 0.0 0.0
79 OPENCV 2160 3840 3183.592270336112 3183.8330165146126 1911.3122172243477 1100.814254448177 0.0 0.0 0.0 0.0
80 OPENCV 2160 3840 3183.592270336112 3183.8330165146126 1911.3122172243477 1100.814254448177 0.0 0.0 0.0 0.0
81 OPENCV 2160 3840 3183.592270336112 3183.8330165146126 1911.3122172243477 1100.814254448177 0.0 0.0 0.0 0.0
82 OPENCV 2160 3840 3183.592270336112 3183.8330165146126 1911.3122172243477 1100.814254448177 0.0 0.0 0.0 0.0
83 OPENCV 2160 3840 3183.592270336112 3183.8330165146126 1911.3122172243477 1100.814254448177 0.0 0.0 0.0 0.0
84 OPENCV 2160 3840 3183.592270336112 3183.8330165146126 1911.3122172243477 1100.814254448177 0.0 0.0 0.0 0.0
85 OPENCV 2160 3840 3183.592270336112 3183.8330165146126 1911.3122172243477 1100.814254448177 0.0 0.0 0.0 0.0
86 OPENCV 2160 3840 3183.592270336112 3183.8330165146126 1911.3122172243477 1100.814254448177 0.0 0.0 0.0 0.0
87 OPENCV 2160 3840 3183.592270336112 3183.8330165146126 1911.3122172243477 1100.814254448177 0.0 0.0 0.0 0.0
88 OPENCV 2160 3840 3183.592270336112 3183.8330165146126 1911.3122172243477 1100.814254448177 0.0 0.0 0.0 0.0
89 OPENCV 2160 3840 3183.592270336112 3183.8330165146126 1911.3122172243477 1100.814254448177 0.0 0.0 0.0 0.0
90 OPENCV 2160 3840 3183.592270336112 3183.8330165146126 1911.3122172243477 1100.814254448177 0.0 0.0 0.0 0.0
91 OPENCV 2160 3840 3183.592270336112 3183.8330165146126 1911.3122172243477 1100.814254448177 0.0 0.0 0.0 0.0
92 OPENCV 2160 3840 3183.592270336112 3183.8330165146126 1911.3122172243477 1100.814254448177 0.0 0.0 0.0 0.0
93 OPENCV 2160 3840 3183.592270336112 3183.8330165146126 1911.3122172243477 1100.814254448177 0.0 0.0 0.0 0.0
94 OPENCV 2160 3840 3183.592270336112 3183.8330165146126 1911.3122172243477 1100.814254448177 0.0 0.0 0.0 0.0
95 OPENCV 2160 3840 3183.592270336112 3183.8330165146126 1911.3122172243477 1100.814254448177 0.0 0.0 0.0 0.0
96 OPENCV 2160 3840 3183.592270336112 3183.8330165146126 1911.3122172243477 1100.814254448177 0.0 0.0 0.0 0.0
97 OPENCV 2160 3840 3183.592270336112 3183.8330165146126 1911.3122172243477 1100.814254448177 0.0 0.0 0.0 0.0
98 OPENCV 2160 3840 3183.592270336112 3183.8330165146126 1911.3122172243477 1100.814254448177 0.0 0.0 0.0 0.0
99 OPENCV 2160 3840 3183.592270336112 3183.8330165146126 1911.3122172243477 1100.814254448177 0.0 0.0 0.0 0.0
100 OPENCV 2160 3840 3183.592270336112 3183.8330165146126 1911.3122172243477 1100.814254448177 0.0 0.0 0.0 0.0
101 OPENCV 2160 3840 3183.592270336112 3183.8330165146126 1911.3122172243477 1100.814254448177 0.0 0.0 0.0 0.0
102 OPENCV 2160 3840 3183.592270336112 3183.8330165146126 1911.3122172243477 1100.814254448177 0.0 0.0 0.0 0.0
103 OPENCV 2160 3840 3183.592270336112 3183.8330165146126 1911.3122172243477 1100.814254448177 0.0 0.0 0.0 0.0
104 OPENCV 2160 3840 3183.592270336112 3183.8330165146126 1911.3122172243477 1100.814254448177 0.0 0.0 0.0 0.0
105 OPENCV 2160 3840 3183.592270336112 3183.8330165146126 1911.3122172243477 1100.814254448177 0.0 0.0 0.0 0.0
106 OPENCV 2160 3840 3183.592270336112 3183.8330165146126 1911.3122172243477 1100.814254448177 0.0 0.0 0.0 0.0
107 OPENCV 2160 3840 3183.592270336112 3183.8330165146126 1911.3122172243477 1100.814254448177 0.0 0.0 0.0 0.0
108 OPENCV 2160 3840 3183.592270336112 3183.8330165146126 1911.3122172243477 1100.814254448177 0.0 0.0 0.0 0.0
109 OPENCV 2160 3840 3183.592270336112 3183.8330165146126 1911.3122172243477 1100.814254448177 0.0 0.0 0.0 0.0
110 OPENCV 2160 3840 3183.592270336112 3183.8330165146126 1911.3122172243477 1100.814254448177 0.0 0.0 0.0 0.0
111 OPENCV 2160 3840 3183.592270336112 3183.8330165146126 1911.3122172243477 1100.814254448177 0.0 0.0 0.0 0.0
112 OPENCV 2160 3840 3183.592270336112 3183.8330165146126 1911.3122172243477 1100.814254448177 0.0 0.0 0.0 0.0
113 OPENCV 2160 3840 3183.592270336112 3183.8330165146126 1911.3122172243477 1100.814254448177 0.0 0.0 0.0 0.0
114 OPENCV 2160 3840 3183.592270336112 3183.8330165146126 1911.3122172243477 1100.814254448177 0.0 0.0 0.0 0.0
115 OPENCV 2160 3840 3183.592270336112 3183.8330165146126 1911.3122172243477 1100.814254448177 0.0 0.0 0.0 0.0
116 OPENCV 2160 3840 3183.592270336112 3183.8330165146126 1911.3122172243477 1100.814254448177 0.0 0.0 0.0 0.0
117 OPENCV 2160 3840 3183.592270336112 3183.8330165146126 1911.3122172243477 1100.814254448177 0.0 0.0 0.0 0.0
118 OPENCV 2160 3840 3183.592270336112 3183.8330165146126 1911.3122172243477 1100.814254448177 0.0 0.0 0.0 0.0
119 OPENCV 2160 3840 3183.592270336112 3183.8330165146126 1911.3122172243477 1100.814254448177 0.0 0.0 0.0 0.0
120 OPENCV 2160 3840 3183.592270336112 3183.8330165146126 1911.3122172243477 1100.814254448177 0.0 0.0 0.0 0.0
121 OPENCV 2160 3840 3183.592270336112 3183.8330165146126 1911.3122172243477 1100.814254448177 0.0 0.0 0.0 0.0
122 OPENCV 2160 3840 3183.592270336112 3183.8330165146126 1911.3122172243477 1100.814254448177 0.0 0.0 0.0 0.0
123 OPENCV 2160 3840 3183.592270336112 3183.8330165146126 1911.3122172243477 1100.814254448177 0.0 0.0 0.0 0.0
124 OPENCV 2160 3840 3183.592270336112 3183.8330165146126 1911.3122172243477 1100.814254448177 0.0 0.0 0.0 0.0
125 OPENCV 2160 3840 3183.592270336112 3183.8330165146126 1911.3122172243477 1100.814254448177 0.0 0.0 0.0 0.0
126 OPENCV 2160 3840 3183.592270336112 3183.8330165146126 1911.3122172243477 1100.814254448177 0.0 0.0 0.0 0.0
127 OPENCV 2160 3840 3183.592270336112 3183.8330165146126 1911.3122172243477 1100.814254448177 0.0 0.0 0.0 0.0
128 OPENCV 2160 3840 3183.592270336112 3183.8330165146126 1911.3122172243477 1100.814254448177 0.0 0.0 0.0 0.0
129 OPENCV 2160 3840 3183.592270336112 3183.8330165146126 1911.3122172243477 1100.814254448177 0.0 0.0 0.0 0.0
130 OPENCV 2160 3840 3183.592270336112 3183.8330165146126 1911.3122172243477 1100.814254448177 0.0 0.0 0.0 0.0
131 OPENCV 2160 3840 3183.592270336112 3183.8330165146126 1911.3122172243477 1100.814254448177 0.0 0.0 0.0 0.0
132 OPENCV 2160 3840 3183.592270336112 3183.8330165146126 1911.3122172243477 1100.814254448177 0.0 0.0 0.0 0.0
133 OPENCV 2160 3840 3183.592270336112 3183.8330165146126 1911.3122172243477 1100.814254448177 0.0 0.0 0.0 0.0
134 OPENCV 2160 3840 3183.592270336112 3183.8330165146126 1911.3122172243477 1100.814254448177 0.0 0.0 0.0 0.0
135 OPENCV 2160 3840 3183.592270336112 3183.8330165146126 1911.3122172243477 1100.814254448177 0.0 0.0 0.0 0.0
136 OPENCV 2160 3840 3183.592270336112 3183.8330165146126 1911.3122172243477 1100.814254448177 0.0 0.0 0.0 0.0
137 OPENCV 2160 3840 3183.592270336112 3183.8330165146126 1911.3122172243477 1100.814254448177 0.0 0.0 0.0 0.0
138 OPENCV 2160 3840 3183.592270336112 3183.8330165146126 1911.3122172243477 1100.814254448177 0.0 0.0 0.0 0.0
139 OPENCV 2160 3840 3183.592270336112 3183.8330165146126 1911.3122172243477 1100.814254448177 0.0 0.0 0.0 0.0
140 OPENCV 2160 3840 3183.592270336112 3183.8330165146126 1911.3122172243477 1100.814254448177 0.0 0.0 0.0 0.0
141 OPENCV 2160 3840 3183.592270336112 3183.8330165146126 1911.3122172243477 1100.814254448177 0.0 0.0 0.0 0.0
142 OPENCV 2160 3840 3183.592270336112 3183.8330165146126 1911.3122172243477 1100.814254448177 0.0 0.0 0.0 0.0
143 OPENCV 2160 3840 3183.592270336112 3183.8330165146126 1911.3122172243477 1100.814254448177 0.0 0.0 0.0 0.0
144 OPENCV 2160 3840 3183.592270336112 3183.8330165146126 1911.3122172243477 1100.814254448177 0.0 0.0 0.0 0.0
145 OPENCV 2160 3840 3183.592270336112 3183.8330165146126 1911.3122172243477 1100.814254448177 0.0 0.0 0.0 0.0
146 OPENCV 2160 3840 3183.592270336112 3183.8330165146126 1911.3122172243477 1100.814254448177 0.0 0.0 0.0 0.0
147 OPENCV 2160 3840 3183.592270336112 3183.8330165146126 1911.3122172243477 1100.814254448177 0.0 0.0 0.0 0.0
148 OPENCV 2160 3840 3183.592270336112 3183.8330165146126 1911.3122172243477 1100.814254448177 0.0 0.0 0.0 0.0
149 OPENCV 2160 3840 3183.592270336112 3183.8330165146126 1911.3122172243477 1100.814254448177 0.0 0.0 0.0 0.0
150 OPENCV 2160 3840 3183.592270336112 3183.8330165146126 1911.3122172243477 1100.814254448177 0.0 0.0 0.0 0.0
151 OPENCV 2160 3840 3183.592270336112 3183.8330165146126 1911.3122172243477 1100.814254448177 0.0 0.0 0.0 0.0
152 OPENCV 2160 3840 3183.592270336112 3183.8330165146126 1911.3122172243477 1100.814254448177 0.0 0.0 0.0 0.0
153 OPENCV 2160 3840 3183.592270336112 3183.8330165146126 1911.3122172243477 1100.814254448177 0.0 0.0 0.0 0.0
154 OPENCV 2160 3840 3183.592270336112 3183.8330165146126 1911.3122172243477 1100.814254448177 0.0 0.0 0.0 0.0
155 OPENCV 2160 3840 3183.592270336112 3183.8330165146126 1911.3122172243477 1100.814254448177 0.0 0.0 0.0 0.0
156 OPENCV 2160 3840 3183.592270336112 3183.8330165146126 1911.3122172243477 1100.814254448177 0.0 0.0 0.0 0.0
157 OPENCV 2160 3840 3183.592270336112 3183.8330165146126 1911.3122172243477 1100.814254448177 0.0 0.0 0.0 0.0
158 OPENCV 2160 3840 3183.592270336112 3183.8330165146126 1911.3122172243477 1100.814254448177 0.0 0.0 0.0 0.0
159 OPENCV 2160 3840 3183.592270336112 3183.8330165146126 1911.3122172243477 1100.814254448177 0.0 0.0 0.0 0.0
160 OPENCV 2160 3840 3183.592270336112 3183.8330165146126 1911.3122172243477 1100.814254448177 0.0 0.0 0.0 0.0
161 OPENCV 2160 3840 3183.592270336112 3183.8330165146126 1911.3122172243477 1100.814254448177 0.0 0.0 0.0 0.0
162 OPENCV 2160 3840 3183.592270336112 3183.8330165146126 1911.3122172243477 1100.814254448177 0.0 0.0 0.0 0.0
163 OPENCV 2160 3840 3183.592270336112 3183.8330165146126 1911.3122172243477 1100.814254448177 0.0 0.0 0.0 0.0
164 OPENCV 2160 3840 3183.592270336112 3183.8330165146126 1911.3122172243477 1100.814254448177 0.0 0.0 0.0 0.0
165 OPENCV 2160 3840 3183.592270336112 3183.8330165146126 1911.3122172243477 1100.814254448177 0.0 0.0 0.0 0.0
166 OPENCV 2160 3840 3183.592270336112 3183.8330165146126 1911.3122172243477 1100.814254448177 0.0 0.0 0.0 0.0
167 OPENCV 2160 3840 3183.592270336112 3183.8330165146126 1911.3122172243477 1100.814254448177 0.0 0.0 0.0 0.0
168 OPENCV 2160 3840 3183.592270336112 3183.8330165146126 1911.3122172243477 1100.814254448177 0.0 0.0 0.0 0.0
169 OPENCV 2160 3840 3183.592270336112 3183.8330165146126 1911.3122172243477 1100.814254448177 0.0 0.0 0.0 0.0
170 OPENCV 2160 3840 3183.592270336112 3183.8330165146126 1911.3122172243477 1100.814254448177 0.0 0.0 0.0 0.0
171 OPENCV 2160 3840 3183.592270336112 3183.8330165146126 1911.3122172243477 1100.814254448177 0.0 0.0 0.0 0.0
172 OPENCV 2160 3840 3183.592270336112 3183.8330165146126 1911.3122172243477 1100.814254448177 0.0 0.0 0.0 0.0
173 OPENCV 2160 3840 3183.592270336112 3183.8330165146126 1911.3122172243477 1100.814254448177 0.0 0.0 0.0 0.0
174 OPENCV 2160 3840 3183.592270336112 3183.8330165146126 1911.3122172243477 1100.814254448177 0.0 0.0 0.0 0.0
175 OPENCV 2160 3840 3183.592270336112 3183.8330165146126 1911.3122172243477 1100.814254448177 0.0 0.0 0.0 0.0
176 OPENCV 2160 3840 3183.592270336112 3183.8330165146126 1911.3122172243477 1100.814254448177 0.0 0.0 0.0 0.0
177 OPENCV 2160 3840 3183.592270336112 3183.8330165146126 1911.3122172243477 1100.814254448177 0.0 0.0 0.0 0.0
178 OPENCV 2160 3840 3183.592270336112 3183.8330165146126 1911.3122172243477 1100.814254448177 0.0 0.0 0.0 0.0
179 OPENCV 2160 3840 3183.592270336112 3183.8330165146126 1911.3122172243477 1100.814254448177 0.0 0.0 0.0 0.0
180 OPENCV 2160 3840 3183.592270336112 3183.8330165146126 1911.3122172243477 1100.814254448177 0.0 0.0 0.0 0.0
181 OPENCV 2160 3840 3183.592270336112 3183.8330165146126 1911.3122172243477 1100.814254448177 0.0 0.0 0.0 0.0
182 OPENCV 2160 3840 3183.592270336112 3183.8330165146126 1911.3122172243477 1100.814254448177 0.0 0.0 0.0 0.0
183 OPENCV 2160 3840 3183.592270336112 3183.8330165146126 1911.3122172243477 1100.814254448177 0.0 0.0 0.0 0.0
184 OPENCV 2160 3840 3183.592270336112 3183.8330165146126 1911.3122172243477 1100.814254448177 0.0 0.0 0.0 0.0
185 OPENCV 2160 3840 3183.592270336112 3183.8330165146126 1911.3122172243477 1100.814254448177 0.0 0.0 0.0 0.0
186 OPENCV 2160 3840 3183.592270336112 3183.8330165146126 1911.3122172243477 1100.814254448177 0.0 0.0 0.0 0.0
