# Image list with two lines of data per image.
# IMAGE_ID, QW, QX, QY, QZ, TX, TY, TZ, CAMERA_ID, NAME
# POINTS2D[] as (X, Y, POINT3D_ID)
1 0.000000000 0.000000000 0.000000000 1.000000000 0.000000000 0.000000000 0.000000000 1 frame_001.jpg

2 0.000072000 0.004779061 0.001461768 -0.999987509 -0.684935467 0.048062914 0.727016987 1 frame_002.jpg

3 0.000021380 0.011622697 0.001700180 -0.999931009 -1.441367133 0.117645358 1.377379976 1 frame_003.jpg

4 0.000299735 -0.021671699 -0.000603960 0.999764914 -2.208029841 0.166475541 2.017576498 1 frame_004.jpg

5 0.001402440 0.032621408 -0.001417740 -0.999465791 -3.012212476 0.206437311 2.610616900 1 frame_005.jpg

6 0.004802331 0.046680167 -0.003576493 -0.998891940 -3.753052048 0.236902256 3.281608763 1 frame_006.jpg

7 0.008860961 0.061232776 -0.004298511 -0.998074924 -4.544745476 0.269246756 3.891679677 1 frame_007.jpg

8 0.010580292 0.076140505 -0.003237565 -0.997035706 -5.270647708 0.282409020 4.579344391 1 frame_008.jpg

9 0.008305603 0.088241415 -0.002090223 -0.996062298 -6.029255341 0.326951462 5.229378577 1 frame_009.jpg

10 0.004399454 0.099428186 -0.000666051 -0.995034792 -6.734378078 0.376650203 5.936722106 1 frame_010.jpg

11 0.000256522 0.110702947 0.000886802 -0.993853111 -7.516383247 0.427475446 6.557902947 1 frame_011.jpg

12 0.001770055 -0.123050876 -0.002340054 0.992396026 -8.267270324 0.504976262 7.213767699 1 frame_012.jpg

13 0.002833750 -0.136137373 -0.002919717 0.990681614 -9.085836210 0.572595355 7.784196264 1 frame_013.jpg

14 0.000781608 -0.146659771 -0.002749825 0.989182864 -9.808589471 0.641304738 8.471876070 1 frame_014.jpg

15 0.003552653 0.157334157 0.000652262 -0.987538818 -10.505339349 0.689861539 9.187535212 1 frame_015.jpg

16 0.009185342 0.165380648 -0.002449518 -0.986183994 -11.159042314 0.689380064 9.944291532 1 frame_016.jpg

17 0.013686904 0.175185621 -0.004106841 -0.984431715 -11.810202600 0.704493319 10.703081317 1 frame_017.jpg

18 0.014423880 0.190277193 -0.003272261 -0.981618986 -12.528176054 0.739377621 11.398276819 1 frame_018.jpg

19 0.012118668 0.210095293 -0.001177869 -0.977605093 -13.175357474 0.757405555 12.160386658 1 frame_019.jpg

20 0.008953591 0.231899655 0.001673456 -0.972697066 -13.903730879 0.784943659 12.845035762 1 frame_020.jpg

21 0.008078222 0.254630294 0.005075117 -0.966991416 -14.530636301 0.804675354 13.623888287 1 frame_021.jpg

22 0.015302585 0.278763662 0.001700304 -0.960236305 -15.234678441 0.856420465 14.332180317 1 frame_022.jpg

23 0.022371421 0.292770934 0.000678504 -0.955920624 -15.872608601 0.906181292 15.100663101 1 frame_023.jpg

24 0.024791726 0.323586141 -0.003475246 -0.945867487 -16.525584029 0.955574746 15.856449323 1 frame_024.jpg

25 0.023870300 0.346851053 -0.009247495 -0.937570818 -17.141398897 1.016230737 16.641986744 1 frame_025.jpg

26 0.022671289 0.363351507 -0.014669133 -0.931260711 -17.794480069 1.052259756 17.398393368 1 frame_026.jpg

27 0.023063044 0.382636968 -0.016818298 -0.923457737 -18.450436738 1.066503209 18.153050801 1 frame_027.jpg

28 0.023866745 0.417097913 -0.014736880 -0.908428607 -19.060326470 1.086231021 18.945265667 1 frame_028.jpg

29 0.024494512 0.461859447 -0.014009257 -0.886504152 -19.783518144 1.132550397 19.634382782 1 frame_029.jpg

30 0.015323373 0.468575407 0.003421100 -0.883283974 -20.422705249 1.207558711 20.399772664 1 frame_030.jpg

31 0.000814568 0.474680356 0.006281071 -0.880135469 -21.131331723 1.279807971 21.101628099 1 frame_031.jpg

32 0.003183291 0.454869582 0.010963705 -0.890484883 -21.850774613 1.305215167 21.795705751 1 frame_032.jpg

33 0.012027138 0.500441545 -0.020842798 -0.865435836 -22.551117616 1.315296349 22.509438883 1 frame_033.jpg

34 0.009919236 0.508275224 -0.029354783 -0.860637091 -23.262923197 1.349440413 23.210967653 1 frame_034.jpg

35 0.006061117 0.518203209 -0.018287716 -0.855040500 -23.971565197 1.350408158 23.916525096 1 frame_035.jpg

36 0.002084228 0.534724253 -0.017201134 -0.844848951 -24.798287949 1.392497630 24.477577656 1 frame_036.jpg

37 0.002439911 -0.545706600 0.014196276 0.837852504 -25.452242111 1.450701789 25.231909412 1 frame_037.jpg

38 0.005991624 -0.553680751 0.011977220 0.832621326 -26.191632687 1.526414738 25.900882547 1 frame_038.jpg

39 0.007343156 -0.562429268 0.013887776 0.826696151 -26.955105750 1.563289387 26.545686986 1 frame_039.jpg

40 0.006946252 -0.573669412 0.017989665 0.818859895 -27.706132325 1.568253786 27.205912154 1 frame_040.jpg

41 0.004897692 -0.584583981 0.022516371 0.811005915 -28.487571604 1.585530467 27.829620390 1 frame_041.jpg

42 0.003068826 -0.595575882 0.025432653 0.802890485 -29.223836428 1.575859381 28.506239025 1 frame_042.jpg

43 0.001196539 -0.603312447 0.026756214 0.797055058 -30.052152442 1.598545223 29.065998865 1 frame_043.jpg

44 0.003109494 -0.615634613 0.022059195 0.787716793 -30.777165450 1.665069667 29.751567897 1 frame_044.jpg

45 0.006218470 -0.659085777 0.019666934 0.751784863 -31.541293640 1.703863950 30.395419273 1 frame_045.jpg

46 0.011929630 -0.650245226 0.023559133 0.759265301 -32.219665198 1.740513253 31.129232702 1 frame_046.jpg

47 0.013606559 -0.639401021 0.027407792 0.768264283 -32.804212883 1.757154719 31.940458612 1 frame_047.jpg

48 0.025588875 -0.654989447 0.025490723 0.754774309 -33.551082524 1.793318748 32.604519043 1 frame_048.jpg

49 0.031470543 -0.666992082 0.018032026 0.744181439 -34.048657577 1.860926667 33.469290154 1 frame_049.jpg

50 0.039635183 -0.701374731 0.013906878 0.711554031 -34.462635596 1.964895207 34.373596635 1 frame_050.jpg

51 0.039680726 -0.709954800 0.013834568 0.702992337 -34.639898126 2.017279728 35.356356845 1 frame_051.jpg

52 0.032857374 -0.708170488 0.016134268 0.705091936 -34.495969297 2.042127695 36.345655425 1 frame_052.jpg

53 0.027185676 -0.719298963 0.017171045 0.693956120 -34.565233944 2.092916344 37.341958527 1 frame_053.jpg

54 0.026830816 -0.723711852 0.016053688 0.689393604 -34.430695882 2.149401808 38.331277236 1 frame_054.jpg

55 0.028529188 -0.721455688 0.012746047 0.691755241 -34.525360763 2.216968152 39.324498423 1 frame_055.jpg

56 0.027588483 -0.728600337 0.010635641 0.684300597 -34.313461443 2.292433438 40.298875285 1 frame_056.jpg

57 0.026340961 -0.739670447 0.011069704 0.672362436 -34.069811780 2.341826518 41.267432327 1 frame_057.jpg

58 0.025367999 -0.750142565 0.012518487 0.660670783 -33.665476024 2.378066836 42.181380846 1 frame_058.jpg

59 0.025750973 -0.756603583 0.014785387 0.653199279 -33.044228765 2.384759544 42.964977989 1 frame_059.jpg

60 0.026303667 -0.763639744 0.016864322 0.644886077 -32.423141375 2.390704583 43.748716849 1 frame_060.jpg

61 0.027516277 -0.767755964 0.018900374 0.639872182 -31.658469334 2.394590098 44.393141118 1 frame_061.jpg

62 0.022324387 -0.779565330 0.021850633 0.625541420 -30.968237654 2.406892011 45.116608458 1 frame_062.jpg

63 0.016387062 -0.782436597 0.020252230 0.622185087 -30.260941410 2.434416220 45.822936915 1 frame_063.jpg

64 0.019235502 -0.786037143 0.017331358 0.617636810 -29.586960035 2.483817800 46.560036533 1 frame_064.jpg

65 0.022457877 -0.794411241 0.016308278 0.606745798 -28.884663351 2.493824843 47.271903836 1 frame_065.jpg

66 0.022799568 -0.804640423 0.015052754 0.593133530 -28.161475285 2.500647972 47.962491545 1 frame_066.jpg

67 0.021833765 -0.815306124 0.013970407 0.578449685 -27.476391668 2.508634738 48.690885305 1 frame_067.jpg

68 0.019636804 -0.823099188 0.011935914 0.567432513 -26.620146878 2.506263245 49.207432913 1 frame_068.jpg

69 0.021983805 -0.835514004 0.013750238 0.548856987 -25.904768166 2.540936821 49.905293856 1 frame_069.jpg

70 0.019553666 -0.844606625 0.018788452 0.534700193 -25.135064051 2.573792201 50.542828727 1 frame_070.jpg

71 0.018588210 -0.849654630 0.021867663 0.526557969 -24.420889438 2.560485319 51.242683732 1 frame_071.jpg

72 0.020741388 -0.854313925 0.020339756 0.518944897 -23.725394355 2.551362613 51.961168943 1 frame_072.jpg

73 0.021663950 -0.860133065 0.018992727 0.509255397 -23.000835833 2.561965720 52.650323015 1 frame_073.jpg

74 0.019932794 -0.870054633 0.020148810 0.492139863 -22.392143328 2.560501726 53.443757267 1 frame_074.jpg

75 0.017084359 -0.878549215 0.022502124 0.476815536 -21.615034264 2.577839582 54.072818717 1 frame_075.jpg

76 0.013978828 -0.886813488 0.024254210 0.461278835 -20.915376424 2.626571201 54.785572880 1 frame_076.jpg

77 0.012018554 -0.893008268 0.024967628 0.449186382 -20.152110638 2.599782735 55.431102445 1 frame_077.jpg

78 0.009903747 -0.900060701 0.024330717 0.434972029 -19.440431571 2.588470461 56.133527047 1 frame_078.jpg

79 0.009216563 -0.905888942 0.024146752 0.422725933 -18.855939093 2.600309543 56.944843343 1 frame_079.jpg

80 0.008821665 -0.910040187 0.024381524 0.413708323 -18.131919340 2.621793285 57.634333322 1 frame_080.jpg

81 0.009383607 -0.914515260 0.024040158 0.403727456 -17.583130405 2.675575095 58.468594607 1 frame_081.jpg

82 0.010359464 -0.917271010 0.023743710 0.397420196 -17.005196071 2.727440112 59.283009128 1 frame_082.jpg

83 0.015942315 -0.915614470 0.022942273 0.401085574 -16.393612157 2.734484807 60.074229790 1 frame_083.jpg

84 0.020109853 -0.925158237 0.021551121 0.378435436 -16.056851950 2.790760206 61.014129278 1 frame_084.jpg

85 0.018490767 -0.938617071 0.023756027 0.343644783 -15.535120373 2.798371274 61.867151225 1 frame_085.jpg

86 0.014674358 -0.943863679 0.030355372 0.328610058 -15.172817061 2.831798108 62.798638348 1 frame_086.jpg

87 0.011289057 -0.942273890 0.035815401 0.332730717 -14.643099097 2.919176668 63.642373406 1 frame_087.jpg

88 0.010057396 -0.943019465 0.039852323 0.330189234 -14.116001181 2.946214986 64.491760108 1 frame_088.jpg

89 0.009216260 -0.949025956 0.041445395 0.312325271 -13.645841264 2.954781812 65.374288026 1 frame_089.jpg

90 0.009866267 -0.957067658 0.042813496 0.286515548 -13.071146931 2.965596758 66.192611706 1 frame_090.jpg

91 0.016464779 -0.965436668 0.041812471 0.256734628 -12.610423015 3.015314166 67.078841712 1 frame_091.jpg

92 0.004252951 -0.965125220 0.035554990 0.259328101 -12.056786255 3.048474786 67.910911571 1 frame_092.jpg

93 0.001190541 0.968661168 -0.030074781 -0.246555536 -11.418349096 3.093028172 68.679286809 1 frame_093.jpg

94 0.002565058 0.975389279 -0.026463226 -0.218880956 -10.831308315 3.074841359 69.488659755 1 frame_094.jpg

95 0.003623703 0.978367669 -0.029626692 -0.204709140 -10.109999728 3.052693593 70.180866613 1 frame_095.jpg

96 0.000564291 0.981948415 -0.031688328 -0.186474776 -9.470326635 3.090504479 70.948563075 1 frame_096.jpg

97 0.000868348 0.985940745 -0.030155846 -0.164349381 -8.579946096 3.170887369 71.396652889 1 frame_097.jpg

98 0.001242018 0.989544214 -0.025979748 -0.141865283 -7.754967607 3.196520088 71.961232098 1 frame_098.jpg

99 0.000163263 0.992218149 -0.023265020 -0.122318669 -7.145201155 3.168827436 72.753295763 1 frame_099.jpg

100 0.001428959 -0.991139264 0.022389982 0.130918317 -6.238989361 3.173752561 73.175998447 1 frame_100.jpg

101 0.005924810 -0.990186934 0.014624248 0.138855547 -5.560905497 3.257438031 73.906080191 1 frame_101.jpg

102 0.002560372 -0.992315020 0.013387225 0.122984258 -4.889206853 3.342625991 74.642037461 1 frame_102.jpg

103 0.018005355 -0.990586446 0.024664704 0.133438946 -4.195952007 3.403217771 75.360265155 1 frame_103.jpg

104 0.029448415 -0.990997001 0.021700973 0.128789764 -3.437945499 3.468293909 76.009234401 1 frame_104.jpg

105 0.023653571 -0.995400549 0.017291855 0.091209904 -2.547537259 3.525803638 76.460821267 1 frame_105.jpg

106 0.017447125 -0.996847975 0.019818437 0.074812716 -1.601889417 3.544151494 76.785550121 1 frame_106.jpg

107 0.014616526 -0.997530212 0.018418232 0.066186117 -0.648992349 3.580658607 76.484586992 1 frame_107.jpg

108 0.016578188 -0.998799660 0.015144241 0.043532231 0.318196733 3.570670600 76.230843106 1 frame_108.jpg

109 0.016736798 -0.999637438 0.015224951 0.014597034 1.201213316 3.568766849 75.761505656 1 frame_109.jpg

110 0.013888343 -0.999676422 0.018702516 -0.010216738 2.101545770 3.527312964 75.328282167 1 frame_110.jpg

111 0.011582768 -0.999252473 0.023980526 -0.028022635 2.813560399 3.503805579 74.626430862 1 frame_111.jpg

112 0.011099364 -0.998398860 0.029774477 -0.046797451 3.642439733 3.462241984 74.068453472 1 frame_112.jpg

113 0.013897880 -0.997456286 0.035105230 -0.060460154 4.577053331 3.411521189 73.716416106 1 frame_113.jpg

114 0.012624839 -0.996607654 0.045443320 -0.067444062 5.443462439 3.376860357 73.218213641 1 frame_114.jpg

115 0.017537963 -0.995165208 0.049222473 -0.083161145 6.308029974 3.358874076 72.716031210 1 frame_115.jpg

116 0.019244150 -0.994621397 0.049453234 -0.088951205 6.896771124 3.345068677 71.907872333 1 frame_116.jpg

117 0.020154917 -0.994280774 0.043582068 -0.095394580 7.692668355 3.321211767 71.302916806 1 frame_117.jpg

118 0.017195436 -0.993528295 0.036076421 -0.106321846 8.400919285 3.320004788 70.596983398 1 frame_118.jpg

119 0.011249686 -0.991688334 0.028225785 -0.125023987 9.246002625 3.251512872 70.066822573 1 frame_119.jpg

120 0.004797831 -0.989029582 0.022484727 -0.145917455 10.008962411 3.222199032 69.421069724 1 frame_120.jpg

121 0.000065931 0.985188545 -0.018520607 0.170471444 10.794545308 3.153631404 68.806239071 1 frame_121.jpg

122 0.001269459 0.981466860 -0.015994246 0.190959093 11.505247271 3.113372726 68.103958876 1 frame_122.jpg

123 0.000983509 0.978053396 -0.013897912 0.207888037 12.128250482 3.071388328 67.322792282 1 frame_123.jpg

124 0.000958504 -0.974158465 0.011432225 -0.225574091 12.877325329 3.053571777 66.660654178 1 frame_124.jpg

125 0.000866277 -0.969307254 0.010135016 -0.245641973 13.627778481 3.047720967 65.999796824 1 frame_125.jpg

126 0.000630260 -0.963261570 0.010993198 -0.268339150 14.443000346 3.016791413 65.421421370 1 frame_126.jpg

127 0.000354067 0.959644625 -0.016020801 0.280758621 15.214141356 3.003189876 64.784875148 1 frame_127.jpg

128 0.001681466 0.958410816 -0.019958280 0.284688510 16.006123149 2.951993894 64.176474237 1 frame_128.jpg

129 0.003246630 0.955661114 -0.020993671 0.293701482 16.770341125 2.929616140 63.531927391 1 frame_129.jpg

130 0.006045679 0.949405214 -0.019984513 0.313358912 17.515435958 2.863652143 62.868271242 1 frame_130.jpg

131 0.007125902 0.938579219 -0.022976504 0.344224276 18.270038911 2.820579579 62.213537456 1 frame_131.jpg

132 0.007707612 0.923883374 -0.034564141 0.381032052 18.963875203 2.752159723 61.496694679 1 frame_132.jpg

133 0.000128631 -0.911465741 0.047239463 -0.408654646 19.787293996 2.726906066 60.929862201 1 frame_133.jpg

134 0.000966640 0.907410765 -0.050212157 0.417233159 20.450012861 2.718101678 60.181135828 1 frame_134.jpg

135 0.003410416 0.903851302 -0.043015004 0.425665246 21.216369986 2.700408183 59.538913099 1 frame_135.jpg

136 0.006283047 0.903067504 -0.027930319 0.428543468 21.926428273 2.670920496 58.835512436 1 frame_136.jpg

137 0.000765829 0.903428755 -0.026872616 0.427894568 22.740749921 2.628076801 58.256774156 1 frame_137.jpg

138 0.002631690 0.883668245 -0.034548265 0.466829652 23.628727501 2.595352817 57.798150857 1 frame_138.jpg

139 0.001494871 -0.870169025 0.022123421 -0.492254191 24.438233017 2.617993328 57.211596460 1 frame_139.jpg

140 0.003403640 -0.860334274 0.015593451 -0.509480319 25.342394192 2.633425596 56.784734476 1 frame_140.jpg

141 0.004133868 0.849976775 -0.023585891 0.526275688 26.135806025 2.613527522 56.176391188 1 frame_141.jpg

142 0.009227504 0.841891397 -0.031020246 0.538675666 26.973473242 2.599865393 55.630330389 1 frame_142.jpg

143 0.012520946 0.833683484 -0.036423987 0.550897783 27.743871779 2.565495514 54.993705697 1 frame_143.jpg

144 0.015144351 0.821281179 -0.039598117 0.568946274 28.411529208 2.518207261 54.250724760 1 frame_144.jpg

145 0.013371833 0.805043184 -0.034107418 0.592083904 29.170103561 2.454537737 53.602229122 1 frame_145.jpg

146 0.008617175 0.817069683 -0.031119321 0.575633968 29.820060986 2.394372127 52.844664561 1 frame_146.jpg

147 0.005081024 0.814887528 -0.027432051 0.578947305 30.651699282 2.396235157 52.289413506 1 frame_147.jpg

148 0.010856534 0.814306131 -0.026042426 0.579749474 31.453928536 2.444004680 51.694279478 1 frame_148.jpg

149 0.010301439 0.805513480 -0.016373381 0.592261620 32.238525069 2.417031452 51.074855385 1 frame_149.jpg

150 0.007296675 0.795507319 -0.010856942 0.605802765 32.944430818 2.411600855 50.366531074 1 frame_150.jpg

151 0.003208880 0.790913112 -0.010042696 0.611837639 33.550722114 2.348199956 49.573860555 1 frame_151.jpg

152 0.000958615 0.782899214 -0.010432214 0.622060344 34.064239827 2.314347352 48.716524622 1 frame_152.jpg

153 0.009948696 0.765933747 -0.015801243 0.642648302 34.363374116 2.221724735 47.766848370 1 frame_153.jpg

154 0.015929050 0.733195581 -0.010562671 0.679749171 34.619580593 2.147410930 46.803078867 1 frame_154.jpg

155 0.006742623 0.738418414 -0.005634156 0.674285577 34.510755383 2.097056343 45.810289747 1 frame_155.jpg

156 0.011285609 0.719331929 -0.006122544 0.694547856 34.288185278 2.076023140 44.835585092 1 frame_156.jpg

157 0.014911535 0.704852690 -0.008032267 0.709151475 33.753154562 2.045048342 43.991285061 1 frame_157.jpg

158 0.013151300 0.691769113 -0.010538143 0.721922077 33.220154648 2.046778884 43.145235597 1 frame_158.jpg

159 0.009002761 0.680142390 -0.013803364 0.732894772 32.558465075 2.001902287 42.396841432 1 frame_159.jpg

160 0.004932031 0.670815569 -0.013640979 0.741482347 31.862135256 1.973129135 41.679636593 1 frame_160.jpg

161 0.004499256 0.661710658 -0.013572092 0.749622945 31.220040474 1.951847117 40.913303447 1 frame_161.jpg

162 0.006898738 0.656144824 -0.012375403 0.754501973 30.531561906 1.904741270 40.189495050 1 frame_162.jpg

163 0.010340208 0.649545381 -0.011818382 0.760160643 29.873002933 1.884135537 39.437291756 1 frame_163.jpg

164 0.011540379 0.641410889 -0.012597584 0.767007296 29.149177720 1.847178287 38.748292353 1 frame_164.jpg

165 0.009197815 0.627934393 -0.013526293 0.778094363 28.592725911 1.828949766 37.917610202 1 frame_165.jpg

166 0.004235111 0.606467757 -0.017182870 0.794911110 27.975502055 1.813311689 37.130945070 1 frame_166.jpg

167 0.000792801 -0.585357481 0.018433696 -0.810565352 27.381308245 1.806730743 36.326639988 1 frame_167.jpg

168 0.002213397 0.569386344 -0.017610718 0.821878431 26.765313435 1.817916536 35.538921483 1 frame_168.jpg

169 0.006012332 0.557083915 -0.017048581 0.830259423 26.168790201 1.791552010 34.736754299 1 frame_169.jpg

170 0.009362954 0.544581683 -0.017717927 0.838468366 25.543864642 1.772262553 33.956345944 1 frame_170.jpg

171 0.012831976 0.532529572 -0.017324083 0.846136792 24.930012555 1.727066716 33.168262889 1 frame_171.jpg

172 0.016268687 0.520186190 -0.015781424 0.853752074 24.382151416 1.684925989 32.332715296 1 frame_172.jpg

173 0.019198518 0.504575103 -0.011302128 0.863080323 23.778574320 1.649231961 31.536239547 1 frame_173.jpg

174 0.015198186 0.473541655 -0.005887824 0.880620605 23.325285907 1.612912879 30.645636535 1 frame_174.jpg

175 0.011965016 0.463018128 -0.010050184 0.886211061 22.703059077 1.593330351 29.863059736 1 frame_175.jpg

176 0.011156347 0.460143913 -0.012022560 0.887692837 22.196321968 1.591918071 29.000988560 1 frame_176.jpg

177 0.011647891 0.453563564 -0.011849357 0.891069028 21.554291001 1.584118016 28.234305509 1 frame_177.jpg

178 0.012234726 0.438199949 -0.012295489 0.898710152 20.963042342 1.587512199 27.427809346 1 frame_178.jpg

179 0.011383232 0.413967233 -0.013466327 0.910120987 20.318431198 1.559450698 26.663798732 1 frame_179.jpg

180 0.007616529 0.385800036 -0.016100182 0.922410486 19.712931024 1.504605586 25.869828067 1 frame_180.jpg

181 0.003696667 0.353418929 -0.019555516 0.935253429 19.143805046 1.486316790 25.047758425 1 frame_181.jpg

182 0.001358461 0.317120397 -0.023552668 0.948091810 18.520154974 1.439166429 24.267448446 1 frame_182.jpg

183 0.001953217 0.291934632 -0.023704137 0.956142494 18.050697184 1.402586759 23.385231743 1 frame_183.jpg

184 0.006370619 0.284418430 -0.023964365 0.958379508 17.472115514 1.429780303 22.570035449 1 frame_184.jpg

185 0.011900577 0.287535904 -0.017431104 0.957537277 16.935448854 1.406403348 21.726552180 1 frame_185.jpg

186 0.018387568 0.297199958 -0.010375783 0.954581807 16.293786227 1.403652774 20.959605364 1 frame_186.jpg

187 0.024152311 0.304929142 -0.007695962 0.952037634 15.580620786 1.360238080 20.259933987 1 frame_187.jpg

188 0.021335233 0.269005140 -0.006668747 0.962879312 14.939961076 1.301480064 19.494374319 1 frame_188.jpg

189 0.018361385 0.240172457 0.000466468 0.970556455 14.312962950 1.254567056 18.716769159 1 frame_189.jpg

190 0.019218547 0.225362664 0.000612420 0.974085182 13.777554829 1.209919202 17.873342510 1 frame_190.jpg

191 0.021072538 0.210638646 -0.003278945 0.977331345 13.195716529 1.176994594 17.060733154 1 frame_191.jpg

192 0.018190193 0.178327767 -0.006858714 0.983779082 12.586590958 1.154587622 16.267949536 1 frame_192.jpg

193 0.011852897 0.153007994 -0.009900326 0.988104269 11.767875794 1.068785805 15.700194602 1 frame_193.jpg

